4291 8668 4390 9958
0 6090 524 10000
972 4927 2779 5243
582 1091 2776 1823
1928 380 4069 1090
6369 5679 6570 9287
6737 2 7593 2610
582 5244 2682 6406
7904 6877 10000 7898
5692 464 5874 633
2227 1824 4122 3218
544 9298 1102 9596
6767 4133 10000 5387
2544 8087 4721 8227
6670 8475 6733 8594
3399 3372 4163 6241
4164 4446 4833 6241
9345 9763 9819 9938
1821 382 1927 931
5563 4484 5790 9997
6621 2613 7407 3665
2040 1967 2226 2900
5966 5388 9997 5666
4732 6472 5562 10000
1104 7541 1836 10000
2788 3374 3398 6241
7018 6877 7903 9287
525 7545 1103 9297
5647 2219 6614 4483
2548 8233 4289 9997
5868 4820 5965 6929
6942 6164 7017 9235
4834 4446 5562 6471
5675 634 6736 2215
2777 1091 5674 1823
0 380 581 6089
4164 2471 5646 4445
4123 1824 5646 2470
8239 260 9647 3049
7408 3050 10000 4132
4070 0 5674 1090
7905 7899 10000 8593
525 6407 2682 7540
2683 6242 4731 8086
6316 9288 7797 9388
582 3219 4163 3371
8566 9839 8706 9961
7031 6649 9194 6876
0 0 4069 379
668 4295 968 5229
6627 3669 6766 5383
1837 7541 2542 9999
